100
500000000 500
500000000 50000
500000000 50000
1000000000 500000000
1000000000 500000000
1000000000 500000000
1000000000 500000000
1000000000 500000000
1000000000 500000000
1000000000 500000000
1000000000 500000000
1000000000 500000000
1000000000 500000000
1000000000 500000000
1000000000 500000000
1000000000 500000000
1000000000 500000000
1000000000 500000000
1000000000 500000000
1000000000 500000000
1000000000 500000000
1000000000 500000000
1000000000 500000000
1000000000 500000000
1000000000 500000000
1000000000 500000000
1000000000 500000000
